    0.3285   -0.6424 
    0.0083    0.9583 
    0.2065   -0.0324 
    0.2996   -0.4979 
    0.0002    0.9989 
    0.3288   -0.6441 
    0.0033    0.9834 
    0.0029    0.9855 
    0.0048    0.9759 
    0.0047    0.9764 
    0.2368   -0.1838 
    0.0548    0.7260 
    0.0032    0.9838 
    0.2279   -0.1393 
    0.0076    0.9620 
    0.2336   -0.1681 
    0.2735   -0.3674 
    0.3320   -0.6601 
    0.0004    0.9978 
    0.1816    0.0919 
    0.0109    0.9457 
    0.3269   -0.6346 
    0.0100    0.9501 
    0.0016    0.9919 
    0.2401   -0.2007 
    0.0059    0.9705 
    0.0158    0.9208 
    0.0433    0.7837 
    0.2962   -0.4809 
    0.0370    0.8151 
    0.2530   -0.2649 
    0.2824   -0.4119 
    0.3312   -0.6558 
    0.3321   -0.6606 
    0.0504    0.7481 
    0.3106   -0.5529 
    0.2149   -0.0744 
    0.1252    0.3741 
    0.2151   -0.0755 
    0.2625   -0.3123 
    0.1643    0.1784 
    0.2415   -0.2076 
    0.2823   -0.4113 
    0.3079   -0.5395 
    0.2662   -0.3310 
    0.1184    0.4080 
    0.2500   -0.2500 
    0.0258    0.8711 
    0.2929   -0.4645 
    0.0113    0.9435 
    0.2850   -0.4251 
    0.2155   -0.0777 
    0.2599   -0.2996 
    0.0143    0.9283 
    0.3291   -0.6457 
    0.0043    0.9783 
    0.3284   -0.6421 
    0.2872   -0.4361 
    0.2078   -0.0389 
    0.3191   -0.5956 
    0.2936   -0.4679 
    0.3181   -0.5903 
    0.3152   -0.5760 
    0.3142   -0.5709 
    0.3069   -0.5344 
    0.3284   -0.6418 
    0.0139    0.9306 
    0.1921    0.0396 
    0.1901    0.0497 
    0.1610    0.1948 
    0.3175   -0.5873 
    0.3010   -0.5049 
    0.2122   -0.0612 
    0.0227    0.8864 
    0.0907    0.5464 
    0.2958   -0.4791 
    0.0583    0.7085 
    0.2976   -0.4879 
    0.2806   -0.4031 
    0.0026    0.9870 
    0.0268    0.8660 
    0.2959   -0.4796 
    0.2981   -0.4905 
    0.3211   -0.6054 
    0.1412    0.2941 
    0.2341   -0.1705 
    0.2610   -0.3048 
    0.2648   -0.3242 
    0.1368    0.3161 
    0.2844   -0.4222 
    0.3332   -0.6660 
    0.2276   -0.1381 
    0.0079    0.9605 
    0.3068   -0.5338 
    0.0503    0.7486 
    0.2586   -0.2932 
    0.3318   -0.6591 
    0.0635    0.6827 
    0.2204   -0.1019 
    0.1760    0.1199 
